run	int 0.10	int 0.50	int 0.95	int 0.98	Asymptote
6008	15.3989	25.1106	38.2647	42.7456	0.997867	0.000115477
6019	15.5762	25.0174	37.7821	42.0989	0.998126	0.000116202
6020	15.639	25.1263	37.9602	42.3093	0.998053	0.000123192
6220	15.2069	24.3833	37.1054	42.141	0.993156	0.000530775
6221	14.2917	15	24.2424	24.2424	0.95	0
6222	15.7281	25.2294	38.067	42.4069	0.998136	0.000120964
6223	14.2234	14.7735	16.1025	24.2424	0.953832	0.000817347
6224	15.8326	25.3111	38.0965	42.3913	0.998366	0.000120014
6248	15.4914	25.0747	37.9801	42.2793	0.998671	0.000119277
6260	15.5555	25.2684	38.3815	42.7635	0.998562	0.000117887
6261	15.5947	25.5443	41.0634	196.124	0.97839	0.000212521
6265	15.6861	25.631	41.1391	191.754	0.978492	0.000201286
6266	15.5838	25.2428	38.2857	42.6815	0.998247	0.000126647
6270	15.6046	25.432	38.7226	43.2221	0.998086	0.000122101
6271	15.717	25.457	38.5852	42.9608	0.998655	0.000123644
6280	15.619	25.2778	38.2819	42.625	0.998574	0.000133143
6291	15.5385	25.2838	38.4229	42.8251	0.99846	0.000135161
6310	15.5719	25.1806	38.129	42.4382	0.998711	0.00012167
6311	15.6405	25.3659	38.4726	42.8548	0.998536	0.000131115
6313	15.8515	25.3843	38.4203	43.146	0.995764	0.000150687
6315	15.6018	25.2443	38.4262	43.16	0.996071	0.000135744
6316	15.6143	25.2921	38.5374	43.287	0.996123	0.000128243
6373	15.5867	25.2105	38.3554	43.0286	0.996404	0.000129306
6435	15.6683	25.2925	38.4598	43.1778	0.996148	0.000121537
6436	15.4864	25.3589	38.8879	43.7727	0.9959	0.000134098
6438	15.5616	25.3168	38.6755	43.5028	0.995871	0.000133763
6439	15.537	25.2259	38.4699	43.208	0.996197	0.000132906
6485	15.628	25.3885	38.7296	43.5037	0.996188	0.00013329
6486	16.5155	26.3822	39.8682	44.6705	0.996351	0.000127207
6487	16.7797	26.3357	39.3885	44.0584	0.996193	0.000138658
6488	16.671	26.2411	39.3268	44.0378	0.99599	0.000144133
6489	16.5827	26.2692	39.5221	44.285	0.996048	0.000135618
6490	16.5572	26.4272	39.9129	44.7224	0.9963	0.000135524
6491	16.55	26.294	39.6422	44.4425	0.996031	0.000130279
6492	16.5877	26.1818	39.3228	44.0842	0.995785	0.000138397
6493	16.6724	26.3616	39.6143	44.3705	0.996094	0.000131017
6494	16.6204	26.3136	39.5643	44.3185	0.996101	0.000141923
6495	16.7386	26.5583	40.0059	44.8528	0.995956	0.000137546
6496	16.5696	26.1205	39.1557	43.8196	0.996188	0.000148109
6497	16.7076	26.2347	39.2447	43.8997	0.99619	0.000147717
6498	16.4003	26.2597	39.7611	44.6269	0.995959	0.000136696
6499	16.7728	26.4234	39.6534	44.4314	0.995893	0.000127092
6500	16.4095	26.2813	39.7825	44.6135	0.996192	0.000127826
6501	16.6251	26.2854	39.4806	44.1919	0.99626	0.000140196
6502	16.7286	26.2562	39.2911	43.9886	0.995958	0.00013803
6503	16.6506	26.4216	39.7963	44.5959	0.996098	0.000128745
6504	16.6523	26.5889	40.1563	44.9819	0.996388	0.000133656
6505	16.7099	26.2818	39.3787	44.0841	0.996059	0.000132072
6506	16.6664	26.2695	39.4181	44.1496	0.996009	0.000124562
6507	16.6438	26.3719	39.693	44.4837	0.996029	0.000127708
6508	16.5843	26.4495	39.9465	44.7935	0.996073	0.000131214
6509	16.6356	26.2855	39.467	44.2147	0.995971	0.000158461
6510	16.6053	26.3399	39.6373	44.3895	0.99623	0.000137113
6511	16.6152	26.3582	39.6893	44.4712	0.996112	0.000136081
6512	16.8723	26.4108	39.4282	44.0859	0.996188	0.000156325
6513	16.5445	26.3116	39.6613	44.4319	0.996233	0.000131461
6514	16.6397	26.5621	40.125	44.9571	0.996335	0.000132212
6515	16.5249	26.293	39.6368	44.3852	0.996373	0.000132087
6516	16.6667	26.3991	39.7268	44.5205	0.996024	0.000138409
6517	16.5341	26.2779	39.6116	44.4106	0.996001	0.000133326
6518	16.6485	26.4295	39.8046	44.5946	0.996163	0.000131595
6519	16.6577	26.4294	39.7983	44.5984	0.99608	0.000139986
6520	16.7104	26.3042	39.4304	44.1476	0.99605	0.000137204
6521	16.6043	26.3022	39.541	44.2739	0.996216	0.000146182
6522	16.6822	26.4307	39.7571	44.5083	0.996311	0.000127322
6523	16.6207	26.4729	39.9467	44.7646	0.996215	0.000134853
6524	16.6459	26.2147	39.2868	43.9658	0.996178	0.00014762
6525	16.6843	26.2832	39.4004	44.1048	0.996113	0.000139708
6526	16.3814	26.3373	39.9579	44.8307	0.9962	0.000130104
6527	16.6176	26.4803	39.9677	44.7888	0.996225	0.000131267
6528	16.5689	26.3299	39.6708	44.4354	0.996253	0.000130691
6529	16.6035	26.3809	39.7219	44.4473	0.996526	0.00013244
6530	16.5366	26.52	40.1727	45.0683	0.996122	0.000137103
6531	16.7511	26.4711	39.7516	44.4858	0.996314	0.000128731
6532	16.5375	26.3086	39.6726	44.4384	0.996304	0.000121917
6533	16.6103	26.3568	39.6835	44.4499	0.996206	0.000136425
6534	16.3681	26.2565	39.8008	44.6839	0.995947	0.000136471
6535	16.7281	26.2381	39.242	43.9409	0.995869	0.000144466
6536	16.4159	26.2033	39.5939	44.3902	0.996159	0.000131249
6537	16.8096	26.3056	39.2779	43.9143	0.996227	0.000134563
6538	16.565	26.3997	39.8345	44.6167	0.996363	0.000132324
6539	16.7015	26.3824	39.6183	44.3551	0.996186	0.000132523
6540	16.5114	26.2636	39.6176	44.4248	0.995997	0.000137532
6541	16.7707	26.399	39.5758	44.3142	0.99603	0.000133902
6542	16.602	26.341	39.6549	44.4326	0.996096	0.000138293
6543	16.6035	26.1593	39.2099	43.8704	0.996254	0.000140716
6544	16.6166	26.3793	39.7332	44.5234	0.99611	0.00013346
6545	16.474	26.2438	39.6125	44.4104	0.996094	0.000129452
6546	16.5582	26.2406	39.4884	44.2646	0.995945	0.000146144
6547	16.5759	26.2997	39.5886	44.3361	0.996242	0.000132718
6548	16.8055	26.3122	39.3075	43.9678	0.996117	0.000133318
6549	16.6887	26.3271	39.5002	44.2315	0.996066	0.000144831
6550	16.5194	26.1077	39.2213	43.9297	0.996079	0.000137196
6551	16.7057	26.395	39.6545	44.4258	0.996008	0.000139555
6552	16.6559	26.3997	39.7274	44.5184	0.996039	0.000140241
6553	16.5865	26.2929	39.5669	44.3433	0.996006	0.000141158
6554	16.629	26.3493	39.6458	44.4138	0.996121	0.000128876
6555	16.5472	26.2309	39.4601	44.1653	0.99639	0.000125719
6556	16.8618	26.4396	39.5546	44.2801	0.995967	0.000130315
6557	16.5717	26.3492	39.7127	44.4937	0.996195	0.000144135
6558	16.7743	26.3578	39.4471	44.132	0.996179	0.000135451
6559	16.5036	26.2316	39.5307	44.2921	0.996171	0.000138533
6560	16.4386	26.1	39.3007	44.0139	0.996262	0.00013393
6561	16.5472	26.4319	39.9568	44.8004	0.996165	0.000133305
6562	16.5756	26.3843	39.7918	44.5728	0.996304	0.000137788
6563	16.4942	26.4242	39.9951	44.8475	0.996214	0.000137978
6564	16.6916	26.2724	39.3937	44.1333	0.995885	0.000139201
6565	16.467	26.2305	39.5904	44.3807	0.996125	0.000137854
6566	16.4551	26.2126	39.5639	44.3489	0.99614	0.000127821
6567	16.511	26.3313	39.7506	44.5406	0.996271	0.000131225
6568	15.5959	25.3471	38.6899	43.4936	0.995991	0.000141565
6569	15.5921	25.4316	38.9065	43.7651	0.995944	0.000135037
6571	15.6787	25.3677	38.6263	43.4228	0.995832	0.00014567
6572	15.6065	25.1714	38.2343	42.9032	0.996225	0.000138321
6626	15.5601	25.2845	38.5804	43.3486	0.996117	0.000135064
6627	15.4504	25.2603	38.7125	43.572	0.995886	0.000132273
6629	15.4865	25.2146	38.5489	43.391	0.995715	0.000137537
6630	15.6666	25.29	38.5031	43.3542	0.995368	0.000144295
6632	15.5669	25.1899	38.4143	43.2709	0.995362	0.00013596
6633	15.5977	25.4291	38.8833	43.7245	0.996009	0.000136678
6635	15.5304	25.1169	38.2871	43.1287	0.995328	0.000142733
6636	15.7316	25.327	38.5316	43.4094	0.99518	0.000132146
6642	15.623	25.1276	38.1905	43.0228	0.995132	0.000147314
6643	15.6088	25.1709	38.3092	43.1321	0.995375	0.000137653
6686	15.6237	25.2425	38.4399	43.2419	0.995654	0.000128333
6739	15.7671	25.3049	38.3591	43.0797	0.995847	0.000140758
6740	15.7846	25.3746	38.5428	43.3876	0.995301	0.000144452
6742	15.7355	25.3504	38.5804	43.4602	0.995228	0.000135328
6743	15.7449	25.2905	38.3894	43.1579	0.995639	0.00012567
6778	15.6949	25.4686	38.8783	43.7672	0.99559	0.000136897
6830	15.5749	25.3092	38.6453	43.4637	0.995878	0.000127076
6831	15.7683	25.3168	38.4555	43.2944	0.995274	0.000128919
6833	15.5825	25.2481	38.5307	43.412	0.99534	0.000135538
6834	15.4896	25.317	38.788	43.6545	0.995884	0.000131933
6890	15.8163	25.3226	38.3272	43.0104	0.995981	0.000137116
6943	15.663	25.2914	38.4651	43.2347	0.995807	0.000153808
6944	15.6389	25.3332	38.6695	43.5628	0.995393	0.00012804
6946	15.6665	25.4557	38.9092	43.8526	0.995344	0.00013175
6947	15.6892	25.3109	38.4969	43.2765	0.995774	0.000136287
7055	15.7008	25.4522	38.8308	43.6891	0.995717	0.000129787
7056	15.5865	25.321	38.7001	43.6009	0.995444	0.000133443
7058	15.7978	25.4374	38.6854	43.5477	0.99538	0.000136936
7059	15.6566	25.5862	39.1844	44.0906	0.995922	0.00014033
7127	15.7908	25.5328	38.8941	43.7464	0.995714	0.000129856
7206	16.0536	25.6731	38.8517	43.606	0.995927	0.000127346
7207	15.8917	25.5678	38.868	43.746	0.995404	0.000126223
7210	15.8611	25.6087	38.9671	43.8228	0.995683	0.000139434
7211	15.8696	25.6319	38.9929	43.8102	0.995944	0.000138796
7249	15.7807	25.5708	38.9483	43.7288	0.996232	0.000135373
7302	15.7832	25.4892	38.8057	43.6688	0.995536	0.000140418
7303	15.774	25.3634	38.5237	43.3414	0.995459	0.000145033
7307	16.0047	25.6627	38.933	43.7925	0.995452	0.000131176
7308	15.7743	25.6208	39.0986	43.9616	0.995919	0.000137118
7350	15.6277	25.4845	38.9893	43.8614	0.995927	0.000128748
7421	15.857	25.5831	38.9192	43.7278	0.995947	0.000125288
7422	15.927	25.4998	38.6498	43.4431	0.995599	0.000126036
7427	16.0628	25.5896	38.6735	43.4397	0.995619	0.000122115
7428	15.7596	25.5174	38.8913	43.732	0.995821	0.000144389
7474	15.8818	25.5643	38.8157	43.5938	0.995942	0.000134329
7475	15.8236	25.5233	38.8225	43.6574	0.995678	0.000133704
7479	15.7504	25.4158	38.6751	43.5075	0.9956	0.000138039
7481	15.8011	25.5022	38.7773	43.5334	0.996152	0.000126465
7485	15.8277	25.4574	38.633	43.3698	0.996037	0.000134176
7486	15.8633	25.4404	38.5349	43.2091	0.996271	0.000124012
7529	15.7368	25.3209	38.3989	43.0456	0.996421	0.00013449
7586	15.7347	25.3357	38.4225	43.0356	0.996685	0.000126134
7587	15.8076	25.3886	38.472	43.1364	0.99631	0.000143569
7591	15.6954	25.3061	38.4576	43.1836	0.996053	0.000131635
7592	15.5461	25.0672	38.0654	42.6827	0.99643	0.000127966
