0	0
1	0
2	0
3	0
4	0
5	0
6	0
7	0
8	0
9	0
10	0
11	0
12	0
13	0
14	0
15	0
16	0
17	0
18	0
19	0
20	0
21	0
22	0
23	0
24	0
25	0
26	0
27	0
28	0
29	0
30	0
31	0
32	0
33	0
34	0
35	0
36	0
37	0
38	0
39	0
40	0
41	0
42	0
43	0
44	0
45	0
46	0
47	0
48	0
49	0
50	0
51	0
52	0
53	0
54	0
55	0
56	0
57	0
58	0
59	0
60	0
61	0
62	0
63	0
64	0
65	0
66	0
67	0
68	0
69	0
70	0
71	0
72	0
73	0
74	0
75	0
76	0
77	0
78	0
79	0
80	0
81	0
82	0
83	0
84	0
85	0
86	0
87	0
88	0
89	0
90	0
91	0
92	0
93	0
94	0
95	0
96	0
97	0
98	0
99	0
100	0
101	0
102	0
103	0
104	0
105	0
106	0
107	0
108	0
109	0
110	0
111	0
112	0
113	0
114	0
115	0
116	0
117	0
118	0
119	0
120	0
121	0
122	0
123	0
124	0
125	0
126	0
127	0
128	0
129	0
130	0
131	0
132	0
133	0
134	0
135	0
136	0
137	0
138	0
139	0
140	0
141	0
142	0
143	0
144	0
145	0
146	0
147	0
148	0
149	0
150	0
151	0
152	0
153	0
154	0
155	0
156	0
157	0
158	0
159	0
160	0
161	0
162	0
163	0
164	0
165	0
166	0
167	0
168	0
169	0
170	0
171	0
172	0
173	0
174	0
175	0
176	0
177	0
178	0
179	0
180	0
181	0
182	0
183	0
184	0
185	0
186	0
187	0
188	0
189	0
190	0
191	0
192	0
193	0
194	0
195	0
196	0
197	0
198	0
199	0
200	0
201	0
202	0
203	0
204	0
205	0
206	0
207	0
208	0
209	0
210	0
211	0
212	0
213	0
214	0
215	0
216	0
217	0
218	0
219	0
220	0
221	0
222	0
223	0
224	0
225	0
226	0
227	0.000412371
228	0
229	0
230	0
231	0
232	0.000220022
233	0
234	0
235	0.000492854
236	0
237	0.000140115
238	0.000122519
239	0.000116509
240	0
241	0.000416146
242	0.00020002
243	0.000473306
244	0
245	0.000896218
246	0.000678484
247	0.0009995
248	0.000821558
249	0.000997423
250	0.000658653
251	0.00082149
252	0.001332
253	0.00141797
254	0.00191188
255	0.0024951
256	0.00213062
257	0.00295604
258	0.00353964
259	0.00476948
260	0.00427543
261	0.00506359
262	0.00605982
263	0.00589575
264	0.0099114
265	0.00770239
266	0.0119613
267	0.0120528
268	0.0186551
269	0.0220676
270	0.0310034
271	0.0303301
272	0.032
273	0.0401891
274	0.0461323
275	0.064282
276	0.0701149
277	0.0756646
278	0.096423
279	0.12825
280	0.146476
281	0.178947
282	0.169415
283	0.253401
284	0.26738
285	0.330508
286	0.387892
287	0.446629
288	0.465839
289	0.557895
290	0.657692
291	0.609023
292	0.674797
293	0.8
294	0.784946
295	0.850467
296	0.871111
297	0.871287
298	0.888889
299	0.903382
300	0.932367
301	0.949438
302	0.971292
303	0.940217
304	0.95814
305	0.959799
306	0.983957
307	0.951691
308	0.972727
309	0.976636
310	0.957672
311	0.952632
312	0.976415
313	0.981132
314	0.96875
315	0.974619
316	0.968889
317	0.983333
318	0.96347
319	0.973333
320	0.987013
321	0.972973
322	0.973913
323	0.980545
324	0.972
325	0.982979
326	0.988048
327	0.984252
328	0.984906
329	0.969492
330	0.970803
331	0.961806
332	0.982517
333	0.973941
334	0.990196
335	0.96732
336	0.986532
337	0.967164
338	0.991202
339	0.986207
340	0.962857
341	0.980609
342	0.976
343	0.981233
344	0.973684
345	0.968668
346	0.98533
347	0.975248
348	0.972973
349	0.97254
350	0.979499
351	0.972152
352	0.975062
353	0.982796
354	0.989562
355	0.984783
356	0.972803
357	0.978304
358	0.982036
359	0.98152
360	0.979675
361	0.980237
362	0.985533
363	0.980952
364	0.984456
365	0.989051
366	0.973929
367	0.970175
368	0.975779
369	0.978333
370	0.978512
371	0.971667
372	0.981928
373	0.975385
374	0.973333
375	0.979719
376	0.973054
377	0.983582
378	0.972662
379	0.976257
380	0.984195
381	0.983762
382	0.973226
383	0.98317
384	0.977901
385	0.980882
386	0.97406
387	0.975131
388	0.968545
389	0.978399
390	0.974587
391	0.968254
392	0.968193
393	0.983482
394	0.979973
395	0.97552
396	0.976219
397	0.976834
398	0.977444
399	0.981774
400	0.974874
401	0.976974
402	0.980916
403	0.985112
404	0.972781
405	0.961681
406	0.979394
407	0.979268
408	0.978339
409	0.979953
410	0.969697
411	0.979772
412	0.973913
413	0.9875
414	0.976654
415	0.979874
416	0.974768
417	0.975033
418	0.975641
419	0.982278
420	0.980519
421	0.977836
422	0.981132
423	0.979893
424	0.971351
425	0.972798
426	0.978166
427	0.978979
428	0.978571
429	0.970972
430	0.977208
431	0.983425
432	0.97561
433	0.980655
434	0.981013
435	0.986322
436	0.9824
437	0.969156
438	0.985437
439	0.978896
440	0.988235
441	0.978405
442	0.981878
443	0.984674
444	0.97597
445	0.978456
446	0.978533
447	0.973734
448	0.985158
449	0.984221
450	0.973684
451	0.980469
452	0.980806
453	0.950749
454	0.977629
455	0.992683
456	0.980998
457	0.975062
458	0.977117
459	0.986395
460	0.984334
461	0.989011
462	0.98044
463	0.959302
464	0.984925
465	0.981707
466	0.967647
467	0.980952
468	0.973988
469	0.977492
470	0.960432
471	0.980328
472	0.985611
473	0.970395
474	0.98366
475	0.995851
476	0.992188
477	0.97037
478	0.964427
479	0.971429
480	0.979167
481	0.984
482	0.977064
483	0.967593
484	0.985915
485	0.966184
486	0.980769
487	0.984848
488	0.946237
489	0.98995
490	0.972376
491	0.994475
492	0.976303
493	0.957055
494	0.980263
495	0.976744
496	1
497	0.967105
498	0.972603
499	0.992701
500	0.970588
501	0.97931
502	0.971223
503	0.992857
504	0.985185
505	0.971831
506	0.992366
507	0.944882
508	0.992
509	0.992063
510	0.983871
511	0.966942
512	0.991736
513	0.96748
514	0.981308
515	0.943396
516	0.955752
517	1
518	0.981982
519	0.980952
520	0.981982
521	0.9375
522	1
523	0.977528
524	0.964602
525	0.956989
526	0.979167
527	0.978947
528	0.967033
529	0.967742
530	0.965517
531	0.977528
532	0.988095
533	0.99
534	0.927711
535	0.964706
536	0.988636
537	0.975309
538	0.963855
539	0.978495
540	0.964286
541	0.988889
542	0.976471
543	0.975309
544	0.966292
545	0.988372
546	0.965909
547	0.965517
548	0.988764
549	0.945205
550	0.978947
551	0.953125
552	0.955882
553	0.963415
554	1
555	1
556	0.961538
557	0.961538
558	1
559	1
560	1
561	1
562	0.974359
563	0.984127
564	0.964706
565	0.956989
566	0.988095
567	0.954023
568	0.978947
569	0.975904
570	0.958333
571	0.96
572	0.988372
573	0.988889
574	0.951613
575	0.967742
576	0.966102
577	0.987179
578	0.966292
579	0.971014
580	0.963855
581	0.964286
582	1
583	1
584	0.984375
585	1
586	0.984848
587	0.953846
588	0.975
589	0.969697
590	0.984848
591	0.983333
592	0.975
593	0.95082
594	0.972603
595	0.984375
596	0.985075
597	1
598	0.984848
599	1
600	1
601	0.984127
602	1
603	0.984375
604	1
605	1
606	0.985915
607	0.96875
608	1
609	1
610	0.98
611	1
612	0.945455
613	1
614	0.980392
615	1
616	1
617	1
618	1
619	0.975
620	0.983333
621	0.95082
622	0.927273
623	0.976744
624	1
625	0.966667
626	1
627	0.982759
628	0.951219
629	0.969697
630	1
631	0.943396
632	1
633	0.976744
634	0.973684
635	0.951219
636	1
637	0.96875
638	1
639	1
640	1
641	1
642	1
643	1
644	0.973684
645	0.96875
646	0.958333
647	0.914286
648	0.96
649	1
650	0.965517
651	0.972973
652	1
653	1
654	1
655	1
656	1
657	1
658	1
659	0.931035
660	0.882353
661	1
662	1
663	1
664	1
665	1
666	1
667	1
668	1
669	0.9375
670	1
671	1
672	1
673	1
674	1
675	0.909091
676	1
677	1
678	0.954545
679	0.9375
680	1
681	1
682	1
683	1
684	1
685	1
686	1
687	1
688	0.928571
689	1
690	0.933333
691	1
692	1
693	0.954545
694	1
695	0.944444
696	1
697	1
698	1
699	1
700	1
701	1
702	0.9375
703	0.75
704	0.875
705	1
706	1
707	1
708	0.888889
709	1
710	1
711	1
712	1
713	0.933333
714	1
715	0.857143
716	1
717	1
718	0.888889
719	1
720	1
721	1
722	1
723	1
724	0.928571
725	1
726	1
727	1
728	0.9
729	1
730	1
731	1
732	0.833333
733	1
734	0.777778
735	1
736	1
737	0.875
738	0.923077
739	1
740	1
741	0.875
742	0.875
743	1
744	1
745	1
746	1
747	1
748	1
749	1
750	1
751	1
752	0.75
753	1
754	1
755	1
756	1
757	1
758	1
759	0.8
760	1
761	1
762	1
763	1
764	0.8
765	1
766	1
767	0.75
768	1
769	1
770	0.75
771	0.857143
772	1
773	1
774	1
775	1
776	1
777	1
778	1
779	1
780	1
781	1
782	0.333333
783	1
784	1
785	1
786	1
787	1
788	0.5
789	1
790	1
791	1
792	1
793	1
794	0
795	1
796	1
797	1
798	1
799	1
800	1
801	1
802	1
803	1
804	1
805	0
806	1
807	1
808	1
809	1
810	1
811	0.833333
812	1
813	1
814	1
815	1
816	1
817	0.666667
818	1
819	1
820	1
821	1
822	1
823	1
824	0.8
825	1
826	0
827	1
828	0
829	1
830	0
831	1
832	0
833	1
834	0
835	1
836	0
837	1
838	1
839	0
840	0
841	1
842	0.75
843	0
844	1
845	0
846	0
847	0
848	1
849	0
850	1
851	1
852	1
853	1
854	1
855	1
856	1
857	1
858	1
859	0
860	0.666667
861	1
862	0
863	1
864	0
865	1
866	1
867	1
868	1
869	1
870	1
871	0
872	1
873	1
874	0
875	0
876	1
877	0
878	1
879	0
880	1
881	1
882	0
883	1
884	1
885	1
886	0
887	1
888	1
889	0
890	0
891	0
892	0
893	1
894	0
895	0
896	1
897	0
898	1
899	1
900	0
901	1
902	0
903	0
904	0
905	1
906	0
907	1
908	1
909	0
910	1
911	0
912	0
913	0
914	1
915	0
916	1
917	0
918	0
919	0
920	0
921	0
922	0
923	1
924	0
925	0
926	0
927	0
928	0
929	1
930	0
931	1
932	0
933	0
934	0
935	1
936	0
937	1
938	0
939	0
940	0
941	0
942	1
943	0
944	0
945	0
946	1
947	0
948	0
949	1
950	1
951	0
952	0
953	0
954	0
955	1
956	1
957	0
958	1
959	0
960	0
961	0
962	0
963	0
964	0
965	1
966	0
967	1
968	1
969	0
970	0
971	1
972	1
973	0
974	0
975	0
976	0
977	0
978	0
979	1
980	1
981	0
982	1
983	0
984	0
985	0
986	0
987	0
988	0
989	0
990	1
991	0
992	0.5
993	0
994	0
995	0
996	1
997	0
998	0
999	0
1000	0
1001	0
1002	0
1003	0
1004	1
1005	0
1006	0
1007	0
1008	0
1009	0
1010	1
1011	1
1012	0
1013	0
1014	0
1015	0
1016	0
1017	1
1018	0
1019	0
1020	0
1021	0
1022	0
1023	0
1024	0
1025	0
1026	0
1027	0
1028	0
1029	0
1030	0
1031	0
1032	0
1033	0
1034	0
1035	0
1036	0
1037	0
1038	0
1039	0
1040	0
1041	0
1042	0
1043	0
1044	0
1045	0
1046	0
1047	0
1048	0
1049	0
1050	0
1051	0
1052	0
1053	0
1054	0
1055	0
1056	0
1057	0
1058	0
1059	0
1060	0
1061	0
1062	0
1063	0
1064	0
1065	0
1066	0
1067	0
1068	0
1069	0
1070	0
1071	0
1072	0
1073	0
1074	0
1075	0
1076	0
1077	0
1078	0
1079	0
1080	0
1081	0
1082	0
1083	0
1084	0
1085	0
1086	0
1087	0
1088	0
1089	0
1090	0
1091	0
1092	1
1093	0
1094	0
1095	0
1096	0
1097	0
1098	0
1099	1
1100	0
1101	0
1102	0
1103	0
1104	0
1105	0
1106	0
1107	0
1108	0
1109	0
1110	0
1111	0
1112	0
1113	0
1114	0
1115	0
1116	0
1117	0
1118	0
1119	0
1120	0
1121	0
1122	0
1123	0
1124	0
1125	0
1126	0
1127	0
1128	0
1129	0
1130	0
1131	0
1132	0
1133	0
1134	0
1135	0
1136	0
1137	0
1138	0
1139	0
1140	0
1141	0
1142	0
1143	0
1144	0
1145	0
1146	0
1147	0
1148	0
1149	0
1150	0
1151	0
1152	0
1153	0
1154	0
1155	0
1156	0
1157	0
1158	0
1159	0
1160	0
1161	0
1162	0
1163	0
1164	0
1165	0
1166	0
1167	0
1168	0
1169	0
1170	0
1171	0
1172	0
1173	0
1174	0
1175	0
1176	0
1177	0
1178	0
1179	0
1180	0
1181	0
1182	0
1183	0
1184	0
1185	0
1186	0
1187	0
1188	0
1189	0
1190	0
1191	0
1192	0
1193	0
1194	0
1195	0
1196	0
1197	0
1198	0
1199	0
1200	0
1201	0
1202	0
1203	0
1204	0
1205	0
1206	0
1207	0
1208	0
1209	0
1210	0
1211	0
1212	0
1213	0
1214	0
1215	0
1216	0
1217	0
1218	0
1219	0
1220	0
1221	0
1222	0
1223	0
1224	0
1225	0
1226	0
1227	0
1228	0
1229	0
1230	0
1231	0
1232	0
1233	0
1234	0
1235	0
1236	0
1237	0
1238	0
1239	0
1240	0
1241	0
1242	0
1243	0
1244	0
1245	0
1246	0
1247	0
1248	0
1249	0
1250	0
1251	0
1252	0
1253	0
1254	0
1255	0
1256	0
1257	0
1258	0
1259	0
1260	0
1261	0
1262	0
1263	0
1264	0
1265	0
1266	0
1267	0
1268	0
1269	0
1270	0
1271	0
1272	0
1273	0
1274	0
1275	0
1276	0
1277	0
1278	0
1279	0
1280	0
1281	0
1282	0
1283	0
1284	0
1285	0
1286	0
1287	0
1288	0
1289	0
1290	0
1291	0
1292	0
1293	0
1294	0
1295	0
1296	0
1297	0
1298	0
1299	0
1300	0
1301	0
1302	0
1303	0
1304	0
1305	0
1306	0
1307	0
1308	0
1309	0
1310	0
1311	0
1312	0
1313	0
1314	0
1315	0
1316	0
1317	0
1318	0
1319	0
1320	0
1321	0
1322	0
1323	0
1324	0
1325	0
1326	0
1327	0
1328	0
1329	0
1330	0
1331	0
1332	0
1333	0
1334	0
1335	0
1336	0
1337	0
1338	0
1339	0
1340	0
1341	0
1342	0
1343	0
1344	0
1345	0
1346	0
1347	0
1348	0
1349	0
1350	0
1351	0
1352	0
1353	0
1354	0
1355	0
1356	0
1357	0
1358	0
1359	0
1360	0
1361	0
1362	0
1363	0
1364	0
1365	0
1366	0
1367	0
1368	0
1369	0
1370	0
1371	0
1372	0
1373	0
1374	0
1375	0
1376	0
1377	0
1378	0
1379	0
1380	0
1381	0
1382	0
1383	0
1384	0
1385	0
1386	0
1387	0
1388	0
1389	0
1390	0
1391	0
1392	0
1393	0
1394	0
1395	0
1396	0
1397	0
1398	0
1399	0
1400	0
1401	0
1402	0
1403	0
1404	0
1405	0
1406	0
1407	0
1408	0
1409	0
1410	0
1411	0
1412	1
1413	0
1414	0
1415	0
1416	0
1417	0
1418	0
1419	0
1420	0
1421	0
1422	0
1423	0
1424	0
1425	0
1426	0
1427	0
1428	0
1429	0
1430	0
1431	0
1432	0
1433	0
1434	0
1435	0
1436	0
1437	0
1438	0
1439	0
1440	0
1441	0
1442	0
1443	0
1444	0
1445	0
1446	0
1447	0
1448	0
1449	0
1450	0
1451	0
1452	0
1453	0
1454	0
1455	0
1456	0
1457	0
1458	0
1459	0
1460	0
1461	0
1462	0
1463	0
1464	0
1465	0
1466	0
1467	0
1468	0
1469	0
1470	0
1471	0
1472	0
1473	0
1474	0
1475	0
1476	0
1477	0
1478	0
1479	0
1480	0
1481	0
1482	0
1483	0
1484	0
1485	0
1486	0
1487	0
1488	0
1489	0
1490	0
1491	0
1492	0
1493	0
1494	0
1495	0
1496	0
1497	0
1498	0
1499	0
1500	0
1501	0
1502	0
1503	0
1504	0
1505	0
1506	0
1507	0
1508	0
1509	0
1510	0
1511	0
1512	0
1513	0
1514	0
1515	0
1516	0
1517	0
1518	0
1519	0
1520	0
1521	0
1522	0
1523	0
1524	0
1525	0
1526	0
1527	0
1528	0
1529	0
1530	0
1531	0
1532	0
1533	0
1534	0
1535	0
1536	0
1537	0
1538	0
1539	0
1540	0
1541	0
1542	0
1543	0
1544	0
1545	0
1546	0
1547	0
1548	0
1549	0
1550	0
1551	0
1552	0
1553	0
1554	0
1555	0
1556	0
1557	0
1558	0
1559	0
1560	0
1561	0
1562	0
1563	0
1564	0
1565	0
1566	0
1567	0
1568	0
1569	0
1570	0
1571	0
1572	0
1573	0
1574	0
1575	0
1576	0
1577	0
1578	0
1579	0
1580	0
1581	0
1582	0
1583	0
1584	0
1585	0
1586	0
1587	0
1588	0
1589	0
1590	0
1591	0
1592	0
1593	0
1594	0
1595	0
1596	0
1597	0
1598	0
1599	0
1600	0
1601	0
1602	0
1603	0
1604	0
1605	0
1606	0
1607	0
1608	0
1609	0
1610	0
1611	0
1612	0
1613	0
1614	0
1615	0
1616	0
1617	0
1618	0
1619	0
1620	0
1621	0
1622	0
1623	0
1624	0
1625	0
1626	0
1627	0
1628	0
1629	0
1630	0
1631	0
1632	0
1633	0
1634	0
1635	0
1636	0
1637	0
1638	0
1639	0
1640	0
1641	0
1642	0
1643	0
1644	0
1645	0
1646	0
1647	0
1648	0
1649	0
1650	0
1651	0
1652	0
1653	0
1654	0
1655	0
1656	0
1657	0
1658	0
1659	0
1660	0
1661	0
1662	0
1663	0
1664	0
1665	0
1666	0
1667	0
1668	0
1669	0
1670	0
1671	0
1672	0
1673	0
1674	0
1675	0
1676	0
1677	0
1678	0
1679	0
1680	0
1681	0
1682	0
1683	0
1684	0
1685	0
1686	0
1687	0
1688	0
1689	0
1690	0
1691	0
1692	0
1693	0
1694	0
1695	0
1696	0
1697	0
1698	0
1699	0
1700	0
1701	0
1702	0
1703	0
1704	0
1705	0
1706	0
1707	0
1708	0
1709	0
1710	0
1711	0
1712	0
1713	0
1714	0
1715	0
1716	0
1717	0
1718	0
1719	0
1720	0
1721	0
1722	0
1723	0
1724	0
1725	0
1726	0
1727	0
1728	0
1729	0
1730	0
1731	0
1732	0
1733	0
1734	0
1735	0
1736	0
1737	0
1738	0
1739	0
1740	0
1741	0
1742	0
1743	0
1744	0
1745	0
1746	0
1747	0
1748	0
1749	0
1750	0
1751	1
