0	0
1	0
2	0
3	0
4	0
5	0
6	0
7	0
8	0
9	0
10	0
11	0
12	0
13	0
14	0
15	0
16	0
17	0
18	0
19	0
20	0
21	0
22	0
23	0
24	0
25	0
26	0
27	0
28	0
29	0
30	0
31	0
32	0
33	0
34	0
35	0
36	0
37	0
38	0
39	0
40	0
41	0
42	0
43	0
44	0
45	0
46	0
47	0
48	0
49	0
50	0
51	0
52	0
53	0
54	0
55	0
56	0
57	0
58	0
59	0
60	0
61	0
62	0
63	0
64	0
65	0
66	0
67	0
68	0
69	0
70	0
71	0
72	0
73	0
74	0
75	0
76	0
77	0
78	0
79	0
80	0
81	0
82	0
83	0
84	0
85	0
86	0
87	0
88	0
89	0
90	0
91	0
92	0
93	0
94	0
95	0
96	0
97	0
98	0
99	0
100	0
101	0
102	0
103	0
104	0
105	0
106	0
107	0
108	0
109	0
110	0
111	0
112	0
113	0
114	0
115	0
116	0
117	0
118	0
119	0
120	0
121	0
122	0
123	0
124	0
125	0
126	0
127	0
128	0
129	0
130	0
131	0
132	0
133	0
134	0
135	0
136	0
137	0
138	0
139	0
140	0
141	0
142	0
143	0
144	0
145	0
146	0
147	0
148	0
149	0
150	0
151	0
152	0
153	0
154	0
155	0
156	0
157	0
158	0
159	0
160	0
161	0
162	0
163	0
164	0
165	0
166	0
167	0
168	0
169	0
170	0
171	0
172	0
173	0
174	0
175	0
176	0
177	0
178	0
179	0
180	0
181	0
182	0
183	0
184	0
185	0
186	0
187	0
188	0
189	0
190	0
191	0
192	0
193	0
194	0
195	0
196	0
197	0
198	0
199	0
200	0
201	0
202	0
203	0
204	0
205	0
206	0
207	0
208	0
209	0
210	0
211	0
212	0
213	0
214	0
215	0
216	0
217	0
218	0
219	0
220	0
221	0
222	0
223	0
224	0
225	0
226	0
227	0
228	0
229	0
230	0
231	0
232	0
233	0
234	0.000176118
235	0.000158103
236	0
237	0.000134553
238	0
239	0.000578838
240	0
241	0.00020536
242	0.000393236
243	9.17179e-05
244	0.000453556
245	0.00026332
246	0.000335121
247	0.000651572
248	0.000656437
249	0.00115952
250	0.000969305
251	0.000871218
252	0.00131234
253	0.000991735
254	0.00180583
255	0.00166769
256	0.0025967
257	0.00239555
258	0.0034307
259	0.00480217
260	0.00335909
261	0.00487522
262	0.00574497
263	0.00783043
264	0.00881834
265	0.0108943
266	0.0118492
267	0.0145563
268	0.0165038
269	0.020945
270	0.0245298
271	0.0266467
272	0.0298507
273	0.0426448
274	0.0437956
275	0.0595298
276	0.0704478
277	0.0842333
278	0.10329
279	0.119963
280	0.171459
281	0.163683
282	0.180982
283	0.241158
284	0.307836
285	0.392941
286	0.384615
287	0.461988
288	0.445141
289	0.555147
290	0.587814
291	0.636719
292	0.738095
293	0.784483
294	0.84264
295	0.835821
296	0.848837
297	0.902439
298	0.896907
299	0.949239
300	0.988636
301	0.961353
302	0.969072
303	0.971751
304	0.984043
305	0.984293
306	0.985577
307	0.976608
308	0.994253
309	0.994872
310	0.995595
311	0.994286
312	0.989474
313	0.995652
314	1
315	1
316	1
317	1
318	1
319	1
320	1
321	0.995868
322	0.995798
323	1
324	1
325	1
326	1
327	0.99187
328	1
329	1
330	0.996441
331	1
332	0.996552
333	1
334	0.996575
335	0.99654
336	1
337	1
338	0.996721
339	0.996979
340	0.996599
341	1
342	1
343	0.997368
344	0.997207
345	0.994203
346	0.997455
347	0.997305
348	0.997537
349	0.997403
350	1
351	1
352	1
353	0.997807
354	1
355	1
356	0.997732
357	0.997836
358	1
359	1
360	1
361	1
362	1
363	1
364	1
365	1
366	0.998236
367	1
368	1
369	1
370	0.998377
371	0.998325
372	0.998336
373	0.995177
374	1
375	0.996672
376	0.99835
377	0.99859
378	0.998534
379	0.998553
380	0.998569
381	0.995708
382	0.998494
383	0.998605
384	1
385	0.997211
386	0.99854
387	0.998615
388	0.99865
389	1
390	0.998611
391	0.998639
392	0.997537
393	0.998634
394	0.995968
395	1
396	0.998652
397	0.99349
398	0.996063
399	0.996212
400	1
401	0.99631
402	0.998695
403	1
404	0.99865
405	0.996037
406	0.998761
407	0.997308
408	1
409	0.998761
410	1
411	0.996173
412	1
413	1
414	0.998741
415	0.997312
416	0.997301
417	1
418	1
419	1
420	0.996078
421	1
422	1
423	1
424	0.998519
425	1
426	1
427	0.994186
428	0.997122
429	1
430	1
431	0.995781
432	0.998523
433	1
434	0.998492
435	0.998328
436	0.996587
437	1
438	0.995185
439	0.998333
440	0.998192
441	0.998347
442	0.996473
443	0.998141
444	0.998113
445	1
446	1
447	0.998047
448	1
449	0.995935
450	0.995516
451	1
452	0.997904
453	0.994106
454	0.997792
455	0.995575
456	1
457	1
458	1
459	0.997494
460	1
461	1
462	1
463	0.994565
464	0.997151
465	0.997355
466	1
467	1
468	0.9941
469	1
470	0.996587
471	0.996875
472	0.996815
473	1
474	0.99639
475	0.996124
476	1
477	0.992
478	1
479	1
480	1
481	0.995475
482	0.995238
483	0.995327
484	1
485	1
486	0.995305
487	1
488	1
489	0.994475
490	0.994444
491	1
492	1
493	1
494	1
495	1
496	1
497	0.993631
498	1
499	1
500	1
501	0.984848
502	1
503	1
504	1
505	1
506	1
507	1
508	1
509	1
510	1
511	1
512	1
513	0.991228
514	1
515	1
516	1
517	1
518	1
519	1
520	1
521	1
522	1
523	0.990291
524	1
525	1
526	1
527	1
528	1
529	1
530	1
531	1
532	1
533	1
534	1
535	1
536	1
537	1
538	1
539	1
540	1
541	1
542	1
543	1
544	1
545	1
546	1
547	1
548	1
549	0.987805
550	1
551	1
552	1
553	1
554	1
555	1
556	1
557	1
558	1
559	0.988095
560	1
561	1
562	1
563	1
564	1
565	1
566	1
567	1
568	0.985507
569	1
570	1
571	0.985294
572	1
573	0.982143
574	1
575	0.984615
576	1
577	1
578	1
579	1
580	1
581	1
582	0.985075
583	1
584	1
585	1
586	1
587	1
588	1
589	1
590	1
591	1
592	1
593	1
594	1
595	1
596	1
597	1
598	1
599	1
600	1
601	1
602	1
603	0.983871
604	1
605	1
606	1
607	1
608	1
609	0.979592
610	1
611	1
612	1
613	1
614	1
615	1
616	1
617	1
618	1
619	1
620	1
621	1
622	1
623	1
624	1
625	1
626	1
627	1
628	1
629	1
630	1
631	1
632	1
633	1
634	1
635	1
636	1
637	1
638	0.973684
639	1
640	1
641	1
642	1
643	0.965517
644	1
645	1
646	1
647	1
648	1
649	1
650	1
651	0.96
652	1
653	1
654	0.970588
655	1
656	1
657	1
658	1
659	1
660	1
661	1
662	1
663	1
664	1
665	1
666	1
667	1
668	1
669	1
670	0.954545
671	1
672	1
673	1
674	1
675	1
676	1
677	1
678	1
679	1
680	1
681	1
682	1
683	1
684	1
685	0.933333
686	1
687	1
688	1
689	1
690	1
691	1
692	1
693	1
694	1
695	1
696	1
697	1
698	1
699	1
700	1
701	1
702	1
703	1
704	1
705	1
706	1
707	1
708	1
709	1
710	1
711	1
712	1
713	1
714	1
715	1
716	1
717	1
718	1
719	1
720	1
721	1
722	1
723	1
724	1
725	1
726	1
727	1
728	1
729	1
730	1
731	1
732	1
733	1
734	1
735	1
736	1
737	1
738	1
739	1
740	1
741	1
742	1
743	1
744	1
745	1
746	1
747	1
748	1
749	1
750	1
751	1
752	1
753	1
754	1
755	1
756	1
757	1
758	1
759	1
760	1
761	1
762	1
763	1
764	1
765	1
766	1
767	1
768	1
769	1
770	1
771	1
772	1
773	1
774	1
775	1
776	1
777	1
778	1
779	1
780	1
781	1
782	1
783	1
784	1
785	1
786	1
787	1
788	1
789	1
790	1
791	1
792	1
793	1
794	1
795	1
796	1
797	1
798	1
799	1
800	1
801	1
802	1
803	1
804	1
805	1
806	1
807	1
808	0
809	1
810	1
811	1
812	1
813	1
814	1
815	1
816	0
817	1
818	1
819	1
820	1
821	1
822	1
823	1
824	1
825	1
826	1
827	1
828	1
829	1
830	1
831	1
832	1
833	1
834	0
835	1
836	1
837	1
838	0
839	1
840	1
841	1
842	0
843	1
844	0
845	0
846	1
847	1
848	0
849	0
850	1
851	1
852	0
853	0
854	1
855	1
856	1
857	1
858	0
859	0
860	0
861	0
862	0
863	1
864	1
865	1
866	0
867	0
868	1
869	1
870	0
871	0
872	0
873	0
874	1
875	1
876	0
877	0
878	1
879	1
880	1
881	0
882	1
883	0
884	0
885	1
886	1
887	0
888	0
889	0
890	1
891	1
892	1
893	1
894	0
895	0
896	0
897	1
898	1
899	0
900	0
901	1
902	1
903	1
904	0
905	1
906	0
907	0
908	0
909	1
910	1
911	1
912	0
913	1
914	0
915	0
916	0
917	0
918	1
919	1
920	0
921	0
922	0
923	0
924	0
925	0
926	1
927	1
928	0
929	1
930	0
931	0
932	0
933	1
934	0
935	0
936	1
937	1
938	0
939	0
940	0
941	0
942	0
943	0
944	0
945	0
946	0
947	0
948	1
949	0
950	0
951	0
952	0
953	1
954	0
955	0
956	0
957	0
958	0
959	0
960	1
961	1
962	1
963	0
964	1
965	0
966	0
967	0
968	0
969	1
970	0
971	0
972	0
973	0
974	0
975	0
976	1
977	1
978	1
979	0
980	0
981	0
982	0
983	0
984	1
985	0
986	0
987	0
988	0
989	0
990	1
991	0
992	0
993	0
994	0
995	0
996	0
997	0
998	0
999	0
1000	0
1001	0
1002	0
1003	0
1004	0
1005	0
1006	0
1007	0
1008	0
1009	0
1010	0
1011	1
1012	0
1013	0
1014	0
1015	0
1016	0
1017	0
1018	0
1019	0
1020	0
1021	0
1022	0
1023	0
1024	0
1025	0
1026	0
1027	0
1028	0
1029	0
1030	0
1031	0
1032	0
1033	0
1034	1
1035	0
1036	0
1037	0
1038	0
1039	0
1040	0
1041	0
1042	0
1043	0
1044	1
1045	0
1046	0
1047	0
1048	0
1049	0
1050	0
1051	0
1052	0
1053	0
1054	1
1055	0
1056	0
1057	1
1058	0
1059	0
1060	0
1061	0
1062	0
1063	0
1064	0
1065	0
1066	0
1067	0
1068	0
1069	0
1070	0
1071	0
1072	0
1073	0
1074	0
1075	0
1076	0
1077	0
1078	0
1079	0
1080	0
1081	0
1082	0
1083	0
1084	0
1085	0
1086	0
1087	0
1088	0
1089	0
1090	0
1091	0
1092	0
1093	0
1094	0
1095	0
1096	0
1097	0
1098	0
1099	0
1100	0
1101	0
1102	0
1103	0
1104	0
1105	0
1106	0
1107	0
1108	0
1109	0
1110	0
1111	0
1112	0
1113	0
1114	0
1115	0
1116	0
1117	0
1118	0
1119	0
1120	0
1121	0
1122	0
1123	0
1124	1
1125	0
1126	0
1127	0
1128	0
1129	0
1130	0
1131	0
1132	0
1133	0
1134	0
1135	0
1136	0
1137	0
1138	0
1139	0
1140	0
1141	0
1142	0
1143	0
1144	0
1145	0
1146	0
1147	0
1148	0
1149	0
1150	0
1151	0
1152	0
1153	0
1154	0
1155	0
1156	0
1157	0
1158	0
1159	0
1160	0
1161	0
1162	0
1163	0
1164	0
1165	0
1166	1
1167	0
1168	0
1169	1
1170	0
1171	0
1172	0
1173	0
1174	0
1175	0
1176	0
1177	0
1178	0
1179	0
1180	0
1181	0
1182	0
1183	0
1184	0
1185	0
1186	0
1187	0
1188	0
1189	0
1190	0
1191	0
1192	0
1193	0
1194	0
1195	0
1196	0
1197	0
1198	0
1199	0
1200	0
1201	0
1202	0
1203	0
1204	0
1205	0
1206	0
1207	0
1208	0
1209	0
1210	0
1211	0
1212	0
1213	0
1214	0
1215	0
1216	0
1217	0
1218	0
1219	1
1220	0
1221	0
1222	0
1223	1
1224	0
1225	0
1226	0
1227	0
1228	0
1229	0
1230	0
1231	0
1232	0
1233	0
1234	0
1235	0
1236	0
1237	0
1238	0
1239	0
1240	0
1241	0
1242	0
1243	0
1244	0
1245	1
1246	0
1247	0
1248	0
1249	0
1250	0
1251	0
1252	0
1253	0
1254	0
1255	0
1256	0
1257	0
1258	0
1259	0
1260	0
1261	0
1262	0
1263	0
1264	0
1265	0
1266	0
1267	0
1268	0
1269	1
1270	0
1271	0
1272	0
1273	0
1274	0
1275	0
1276	0
1277	0
1278	0
1279	0
1280	0
1281	0
1282	0
1283	0
1284	0
1285	0
1286	0
1287	0
1288	0
1289	0
1290	0
1291	0
1292	0
1293	0
1294	0
1295	0
1296	0
1297	0
1298	0
1299	0
1300	0
1301	0
1302	0
1303	0
1304	0
1305	0
1306	0
1307	0
1308	0
1309	0
1310	0
1311	0
1312	0
1313	0
1314	0
1315	0
1316	0
1317	0
1318	0
1319	0
1320	0
1321	0
1322	0
1323	0
1324	0
1325	0
1326	0
1327	0
1328	0
1329	0
1330	1
1331	0
1332	0
1333	0
1334	0
1335	0
1336	0
1337	0
1338	0
1339	0
1340	0
1341	0
1342	0
1343	0
1344	0
1345	0
1346	0
1347	0
1348	0
1349	0
1350	0
1351	0
1352	0
1353	0
1354	0
1355	0
1356	0
1357	0
1358	0
1359	0
1360	0
1361	0
1362	0
1363	0
1364	0
1365	0
1366	0
1367	0
1368	0
1369	0
1370	0
1371	0
1372	0
1373	0
1374	0
1375	0
1376	0
1377	0
1378	0
1379	0
1380	0
1381	0
1382	0
1383	0
1384	0
1385	0
1386	0
1387	0
1388	0
1389	0
1390	0
1391	0
1392	0
1393	0
1394	0
1395	0
1396	0
1397	0
1398	0
1399	0
1400	0
1401	0
1402	0
1403	0
1404	0
1405	0
1406	0
1407	0
1408	0
1409	0
1410	0
1411	0
1412	0
1413	0
1414	0
1415	0
1416	0
1417	0
1418	0
1419	0
1420	0
1421	0
1422	0
1423	0
1424	0
1425	0
1426	0
1427	0
1428	0
1429	0
1430	0
1431	0
1432	0
1433	0
1434	0
1435	0
1436	0
1437	0
1438	0
1439	0
1440	0
1441	0
1442	0
1443	0
1444	0
1445	0
1446	0
1447	0
1448	0
1449	0
1450	0
1451	0
1452	0
1453	0
1454	0
1455	0
1456	0
1457	0
1458	0
1459	0
1460	0
1461	0
1462	0
1463	0
1464	0
1465	0
1466	0
1467	0
1468	0
1469	0
1470	0
1471	0
1472	0
1473	0
1474	0
1475	0
1476	0
1477	0
1478	0
1479	0
1480	0
1481	0
1482	0
1483	0
1484	0
1485	0
1486	0
1487	0
1488	0
1489	0
1490	0
1491	0
1492	0
1493	0
1494	0
1495	0
1496	0
1497	0
1498	0
1499	0
1500	0
1501	0
1502	0
1503	0
1504	0
1505	0
1506	0
1507	0
1508	0
1509	0
1510	0
1511	0
1512	0
1513	0
1514	0
1515	0
1516	0
1517	0
1518	0
1519	0
1520	0
1521	0
1522	0
1523	0
1524	0
1525	0
1526	0
1527	0
1528	0
1529	0
1530	0
1531	0
1532	0
1533	0
1534	0
1535	0
1536	0
1537	0
1538	0
1539	0
1540	0
1541	0
1542	0
1543	0
1544	0
1545	0
1546	0
1547	0
1548	0
1549	0
1550	0
1551	0
1552	0
1553	0
1554	0
1555	0
1556	0
1557	0
1558	0
1559	0
1560	0
1561	0
1562	0
1563	0
1564	0
1565	0
1566	0
1567	0
1568	0
1569	0
1570	0
1571	0
1572	0
1573	0
1574	0
1575	0
1576	0
1577	0
1578	0
1579	0
1580	0
1581	0
1582	0
1583	0
1584	0
1585	0
1586	0
1587	0
1588	0
1589	0
1590	0
1591	0
1592	0
1593	0
1594	0
1595	0
1596	0
1597	0
1598	0
1599	0
1600	0
1601	0
1602	0
1603	0
1604	0
1605	0
1606	0
1607	0
1608	0
1609	0
1610	0
1611	0
1612	0
1613	0
1614	0
1615	0
1616	0
1617	0
1618	0
1619	0
1620	0
1621	0
1622	0
1623	0
1624	0
1625	0
1626	0
1627	0
1628	0
1629	0
1630	0
1631	0
1632	0
1633	0
1634	0
1635	0
1636	0
1637	0
1638	0
1639	0
1640	0
1641	0
1642	0
1643	0
1644	0
1645	0
1646	0
1647	0
1648	0
1649	0
1650	0
1651	0
1652	0
1653	0
1654	0
1655	0
1656	0
1657	0
1658	0
1659	0
1660	0
1661	0
1662	0
1663	0
1664	0
1665	0
1666	0
1667	0
1668	0
1669	0
1670	0
1671	0
1672	0
1673	0
1674	0
1675	0
1676	0
1677	0
1678	0
1679	0
1680	0
1681	0
1682	0
1683	0
1684	0
1685	0
1686	0
1687	0
1688	0
1689	0
1690	0
1691	0
1692	0
1693	0
1694	0
1695	0
1696	0
1697	0
1698	0
1699	0
1700	0
1701	0
1702	0
1703	0
1704	0
1705	0
1706	0
1707	0
1708	0
1709	0
1710	0
1711	0
1712	0
1713	0
1714	0
1715	0
1716	0
1717	0
1718	0
1719	0
1720	0
1721	0
1722	0
1723	0
1724	0
1725	0
1726	0
1727	0
1728	0
1729	0
1730	0
1731	0
1732	0
1733	0
1734	0
1735	0
1736	0
1737	0
1738	0
1739	0
1740	0
1741	0
1742	0
1743	0
1744	0
1745	0
1746	0
1747	0
1748	0
1749	0
1750	0
1751	1
