0	0
1	0
2	0
3	0
4	0
5	0
6	0
7	0
8	0
9	0
10	0
11	0
12	0
13	0
14	0
15	0
16	0
17	0
18	0
19	0
20	0
21	0
22	0
23	0
24	0
25	0
26	0
27	0
28	0
29	0
30	0
31	0
32	0
33	0
34	0
35	0
36	0
37	0
38	0
39	0
40	0
41	0
42	0
43	0
44	0
45	0
46	0
47	0
48	0
49	0
50	0
51	0
52	0
53	0
54	0
55	0
56	0
57	0
58	0
59	0
60	0
61	0
62	0
63	0
64	0
65	0
66	0
67	0
68	0
69	0
70	0
71	0
72	0
73	0
74	0
75	0
76	0
77	0
78	0
79	0
80	0
81	0
82	0
83	0
84	0
85	0
86	0
87	0
88	0
89	0
90	0
91	0
92	0
93	0
94	0
95	0
96	0
97	0
98	0
99	0
100	0
101	0
102	0
103	0
104	0
105	0
106	0
107	0
108	0
109	0
110	0
111	0
112	0
113	0
114	0
115	0
116	0
117	0
118	0
119	0
120	0
121	0
122	0
123	0
124	0
125	0
126	0
127	0
128	0
129	0
130	0
131	0
132	0
133	0
134	0
135	0
136	0
137	0
138	0
139	0
140	0
141	0
142	0
143	0
144	0
145	0
146	0
147	0
148	0
149	0
150	0
151	0
152	0
153	0
154	0
155	0
156	0
157	0
158	0
159	0
160	0
161	0
162	0
163	0
164	0
165	0
166	0
167	0
168	0
169	0
170	0
171	0
172	0
173	0
174	0
175	0
176	0
177	0
178	0
179	0
180	0
181	0
182	0
183	0
184	0
185	0
186	0
187	0
188	0
189	0
190	0
191	0
192	0
193	0
194	0
195	0
196	0
197	0
198	0
199	0
200	0
201	0
202	0
203	0
204	0
205	0
206	0
207	0
208	0
209	0
210	0
211	0
212	0
213	0
214	0
215	0
216	0
217	0
218	0
219	0
220	0
221	0
222	0
223	0
224	0
225	0
226	0
227	0
228	0
229	0
230	0
231	0
232	0
233	0
234	0
235	0
236	0
237	0
238	0
239	0
240	0
241	0
242	0
243	0
244	0
245	0
246	0
247	0
248	0
249	0
250	0
251	0
252	0
253	0
254	0
255	0
256	0
257	0
258	0
259	0
260	0
261	0
262	0
263	0
264	0
265	0
266	0
267	0
268	0
269	0
270	0
271	0
272	0
273	0
274	0
275	0
276	0
277	0
278	0
279	0
280	0
281	0
282	1
283	1
284	0
285	0
286	0
287	0
288	0
289	0
290	0
291	0
292	0
293	0
294	0
295	0
296	0
297	1
298	0
299	0
300	1
301	0
302	0
303	0
304	0
305	0
306	0
307	0
308	1
309	0
310	0
311	0
312	0
313	0
314	0
315	0
316	0
317	0
318	0
319	0
320	0
321	0
322	0
323	0
324	0
325	0
326	0
327	0
328	0
329	0
330	0
331	0
332	0
333	0
334	0
335	0
336	0
337	0
338	0
339	0
340	1
341	0
342	1
343	0
344	0
345	0
346	0
347	0
348	1
349	0
350	0
351	0
352	0
353	0
354	0
355	0
356	0
357	0
358	0
359	0
360	0
361	0
362	1
363	0
364	1
365	0
366	0
367	0
368	0
369	0
370	0
371	0
372	0
373	0
374	0
375	0
376	0
377	0
378	0
379	0
380	0
381	0
382	0
383	0
384	1
385	0
386	0
387	0
388	0
389	0
390	0
391	0
392	1
393	1
394	0
395	1
396	0
397	0
398	0
399	1
400	0
401	1
402	1
403	0
404	1
405	0
406	0
407	0
408	0
409	0
410	0
411	0
412	0
413	0
414	0
415	0
416	1
417	0
418	1
419	1
420	1
421	0
422	1
423	0
424	0
425	0
426	0
427	0
428	0
429	0
430	0
431	1
432	0
433	1
434	0
435	0
436	0
437	0
438	1
439	1
440	0
441	1
442	1
443	1
444	0
445	0
446	0
447	1
448	0
449	0
450	0
451	1
452	0
453	0
454	0
455	1
456	1
457	1
458	0
459	0
460	0
461	0
462	1
463	1
464	0
465	0
466	1
467	0
468	1
469	0
470	1
471	1
472	0
473	1
474	0
475	1
476	0
477	0
478	1
479	1
480	1
481	1
482	1
483	1
484	1
485	1
486	1
487	1
488	0
489	1
490	1
491	0
492	1
493	1
494	1
495	0
496	0
497	1
498	1
499	0
500	0
501	0
502	0
503	1
504	0
505	1
506	0
507	0
508	1
509	1
510	1
511	0
512	1
513	0
514	0
515	1
516	1
517	1
518	1
519	1
520	1
521	0
522	1
523	1
524	1
525	1
526	1
527	1
528	1
529	0
530	1
531	1
532	1
533	1
534	1
535	1
536	0
537	1
538	1
539	1
540	1
541	1
542	1
543	1
544	0
545	1
546	1
547	1
548	1
549	0
550	0
551	1
552	1
553	1
554	1
555	1
556	1
557	1
558	1
559	0
560	1
561	1
562	1
563	1
564	1
565	0
566	1
567	1
568	0
569	1
570	1
571	1
572	1
573	1
574	1
575	1
576	1
577	1
578	1
579	1
580	1
581	1
582	1
583	1
584	1
585	1
586	1
587	1
588	1
589	1
590	1
591	1
592	1
593	1
594	1
595	1
596	1
597	1
598	1
599	1
600	1
601	1
602	1
603	1
604	1
605	1
606	1
607	1
608	1
609	1
610	1
611	1
612	1
613	1
614	1
615	1
616	1
617	1
618	1
619	0
620	1
621	1
622	1
623	1
624	1
625	1
626	1
627	1
628	1
629	1
630	1
631	1
632	1
633	1
634	1
635	1
636	1
637	1
638	1
639	1
640	1
641	1
642	1
643	1
644	1
645	1
646	1
647	1
648	1
649	1
650	1
651	1
652	1
653	1
654	1
655	1
656	1
657	1
658	1
659	1
660	1
661	1
662	1
663	1
664	1
665	1
666	1
667	1
668	1
669	1
670	1
671	1
672	1
673	1
674	1
675	1
676	1
677	1
678	1
679	1
680	1
681	1
682	1
683	1
684	1
685	1
686	1
687	1
688	1
689	1
690	1
691	1
692	1
693	1
694	1
695	1
696	1
697	1
698	1
699	1
700	0.833333
701	1
702	1
703	1
704	1
705	1
706	1
707	1
708	1
709	1
710	1
711	1
712	1
713	1
714	1
715	1
716	1
717	1
718	1
719	1
720	1
721	1
722	1
723	1
724	1
725	1
726	1
727	1
728	1
729	1
730	1
731	1
732	1
733	1
734	1
735	1
736	1
737	1
738	1
739	1
740	1
741	1
742	1
743	1
744	1
745	1
746	1
747	1
748	1
749	1
750	1
751	1
752	1
753	1
754	1
755	1
756	1
757	1
758	1
759	1
760	1
761	1
762	0.888889
763	1
764	1
765	1
766	1
767	1
768	1
769	1
770	1
771	1
772	1
773	1
774	1
775	1
776	1
777	1
778	1
779	1
780	1
781	1
782	1
783	1
784	1
785	1
786	1
787	1
788	1
789	1
790	1
791	1
792	1
793	1
794	1
795	1
796	1
797	1
798	1
799	1
800	1
801	1
802	1
803	1
804	1
805	1
806	1
807	1
808	1
809	1
810	1
811	1
812	1
813	1
814	1
815	1
816	1
817	1
818	1
819	1
820	1
821	0.952381
822	1
823	0.941176
824	1
825	1
826	1
827	1
828	1
829	1
830	1
831	1
832	1
833	1
834	1
835	0.941176
836	1
837	1
838	1
839	1
840	1
841	1
842	1
843	1
844	1
845	1
846	1
847	1
848	1
849	1
850	1
851	1
852	1
853	1
854	1
855	1
856	1
857	1
858	1
859	1
860	1
861	1
862	1
863	1
864	1
865	1
866	1
867	1
868	1
869	0.958333
870	1
871	1
872	1
873	1
874	1
875	1
876	1
877	1
878	1
879	1
880	1
881	1
882	1
883	1
884	1
885	1
886	1
887	1
888	1
889	1
890	1
891	1
892	1
893	1
894	1
895	1
896	1
897	1
898	1
899	1
900	1
901	0.961538
902	1
903	1
904	1
905	1
906	1
907	1
908	1
909	1
910	1
911	1
912	1
913	0.933333
914	1
915	1
916	1
917	1
918	1
919	0.961538
920	1
921	1
922	1
923	1
924	1
925	1
926	1
927	1
928	1
929	1
930	1
931	1
932	1
933	1
934	1
935	1
936	1
937	1
938	1
939	1
940	1
941	1
942	1
943	1
944	1
945	1
946	1
947	1
948	1
949	1
950	1
951	1
952	1
953	1
954	1
955	1
956	1
957	1
958	1
959	1
960	1
961	1
962	1
963	1
964	1
965	1
966	1
967	1
968	1
969	1
970	1
971	1
972	1
973	1
974	1
975	1
976	1
977	1
978	1
979	1
980	1
981	1
982	1
983	1
984	0.978261
985	1
986	1
987	1
988	1
989	1
990	1
991	1
992	1
993	1
994	1
995	1
996	1
997	1
998	1
999	1
1000	1
1001	1
1002	1
1003	1
1004	1
1005	1
1006	1
1007	1
1008	1
1009	1
1010	1
1011	1
1012	1
1013	0.973684
1014	1
1015	1
1016	1
1017	1
1018	1
1019	1
1020	1
1021	1
1022	0.978261
1023	1
1024	1
1025	1
1026	1
1027	1
1028	1
1029	1
1030	1
1031	1
1032	1
1033	1
1034	1
1035	1
1036	1
1037	0.982456
1038	1
1039	1
1040	1
1041	1
1042	1
1043	1
1044	1
1045	1
1046	1
1047	1
1048	1
1049	1
1050	0.983333
1051	1
1052	1
1053	1
1054	1
1055	1
1056	1
1057	1
1058	1
1059	1
1060	1
1061	1
1062	1
1063	1
1064	1
1065	1
1066	1
1067	1
1068	0.982759
1069	1
1070	1
1071	1
1072	1
1073	1
1074	0.984848
1075	1
1076	0.984615
1077	1
1078	1
1079	1
1080	1
1081	1
1082	1
1083	0.985507
1084	1
1085	1
1086	1
1087	1
1088	1
1089	1
1090	1
1091	1
1092	1
1093	1
1094	1
1095	1
1096	1
1097	1
1098	1
1099	1
1100	1
1101	1
1102	0.986486
1103	1
1104	1
1105	1
1106	1
1107	0.985915
1108	1
1109	1
1110	1
1111	1
1112	0.982143
1113	1
1114	1
1115	1
1116	1
1117	1
1118	1
1119	1
1120	0.984615
1121	1
1122	1
1123	1
1124	1
1125	0.987805
1126	1
1127	1
1128	1
1129	1
1130	1
1131	1
1132	1
1133	1
1134	1
1135	1
1136	1
1137	1
1138	1
1139	1
1140	1
1141	1
1142	1
1143	1
1144	1
1145	1
1146	1
1147	1
1148	1
1149	0.98913
1150	1
1151	1
1152	1
1153	1
1154	1
1155	0.987013
1156	1
1157	1
1158	1
1159	1
1160	1
1161	1
1162	1
1163	1
1164	1
1165	1
1166	1
1167	0.989796
1168	1
1169	1
1170	1
1171	1
1172	1
1173	1
1174	1
1175	1
1176	1
1177	0.988372
1178	1
1179	0.980952
1180	1
1181	1
1182	0.99
1183	1
1184	0.987654
1185	1
1186	1
1187	1
1188	1
1189	1
1190	1
1191	1
1192	1
1193	1
1194	1
1195	0.979798
1196	1
1197	1
1198	1
1199	1
1200	1
1201	1
1202	1
1203	1
1204	1
1205	1
1206	1
1207	0.990196
1208	1
1209	1
1210	1
1211	1
1212	0.990099
1213	1
1214	1
1215	1
1216	1
1217	1
1218	1
1219	0.990566
1220	1
1221	1
1222	1
1223	0.990654
1224	1
1225	1
1226	1
1227	1
1228	0.991228
1229	0.988636
1230	1
1231	1
1232	1
1233	1
1234	1
1235	1
1236	1
1237	0.991071
1238	1
1239	0.992188
1240	1
1241	1
1242	1
1243	1
1244	1
1245	1
1246	1
1247	1
1248	1
1249	1
1250	1
1251	1
1252	1
1253	1
1254	1
1255	1
1256	0.991304
1257	1
1258	1
1259	1
1260	1
1261	0.990826
1262	1
1263	1
1264	1
1265	1
1266	1
1267	1
1268	1
1269	1
1270	1
1271	1
1272	1
1273	1
1274	1
1275	1
1276	1
1277	1
1278	1
1279	1
1280	1
1281	1
1282	1
1283	1
1284	1
1285	1
1286	1
1287	1
1288	1
1289	1
1290	1
1291	1
1292	1
1293	1
1294	1
1295	1
1296	1
1297	1
1298	1
1299	1
1300	0.99115
1301	1
1302	1
1303	1
1304	1
1305	1
1306	1
1307	1
1308	1
1309	1
1310	1
1311	1
1312	1
1313	1
1314	1
1315	1
1316	1
1317	1
1318	0.993151
1319	1
1320	1
1321	1
1322	1
1323	1
1324	1
1325	1
1326	1
1327	1
1328	1
1329	0.992958
1330	1
1331	0.993151
1332	0.993421
1333	1
1334	1
1335	1
1336	1
1337	1
1338	1
1339	1
1340	1
1341	1
1342	1
1343	1
1344	1
1345	1
1346	1
1347	0.989011
1348	0.993939
1349	1
1350	1
1351	1
1352	1
1353	1
1354	1
1355	0.993865
1356	1
1357	1
1358	1
1359	1
1360	1
1361	0.994286
1362	1
1363	1
1364	1
1365	1
1366	0.993711
1367	1
1368	0.993631
1369	1
1370	1
1371	1
1372	1
1373	0.994898
1374	1
1375	1
1376	1
1377	1
1378	1
1379	1
1380	1
1381	0.993464
1382	0.993711
1383	1
1384	1
1385	1
1386	0.995025
1387	1
1388	1
1389	0.993827
1390	1
1391	1
1392	1
1393	0.994845
1394	1
1395	1
1396	0.988506
1397	1
1398	0.994624
1399	1
1400	0.995049
1401	0.994118
1402	1
1403	1
1404	1
1405	1
1406	0.994898
1407	1
1408	1
1409	0.995049
1410	1
1411	1
1412	1
1413	0.994475
1414	1
1415	1
1416	0.99422
1417	1
1418	0.994819
1419	0.994764
1420	0.994898
1421	1
1422	0.994624
1423	1
1424	1
1425	1
1426	1
1427	1
1428	1
1429	1
1430	0.995575
1431	0.994444
1432	0.99495
1433	1
1434	1
1435	0.995025
1436	1
1437	1
1438	0.995098
1439	0.989418
1440	1
1441	0.994709
1442	1
1443	1
1444	0.994652
1445	1
1446	1
1447	1
1448	1
1449	1
1450	0.994975
1451	1
1452	0.994737
1453	1
1454	0.99422
1455	0.995238
1456	0.990431
1457	1
1458	1
1459	1
1460	1
1461	1
1462	1
1463	0.995146
1464	1
1465	1
1466	0.995595
1467	1
1468	1
1469	0.995305
1470	1
1471	0.995074
1472	1
1473	1
1474	1
1475	1
1476	1
1477	1
1478	0.995283
1479	1
1480	1
1481	0.995122
1482	1
1483	1
1484	1
1485	1
1486	1
1487	1
1488	1
1489	1
1490	1
1491	0.990868
1492	1
1493	1
1494	0.995536
1495	1
1496	1
1497	1
1498	0.99537
1499	1
1500	1
1501	1
1502	1
1503	0.995745
1504	1
1505	0.987854
1506	1
1507	1
1508	1
1509	1
1510	1
1511	1
1512	0.995305
1513	1
1514	1
1515	1
1516	1
1517	1
1518	0.995984
1519	1
1520	1
1521	1
1522	1
1523	1
1524	0.991667
1525	1
1526	0.995868
1527	1
1528	1
1529	0.995781
1530	0.992063
1531	0.996016
1532	0.991304
1533	0.995516
1534	1
1535	0.995575
1536	1
1537	0.995261
1538	1
1539	1
1540	0.995885
1541	0.996241
1542	1
1543	0.995816
1544	1
1545	1
1546	1
1547	0.995215
1548	1
1549	0.992095
1550	0.996016
1551	1
1552	1
1553	1
1554	0.995781
1555	1
1556	0.995475
1557	1
1558	1
1559	1
1560	0.995781
1561	1
1562	1
1563	1
1564	1
1565	1
1566	1
1567	1
1568	1
1569	1
1570	1
1571	1
1572	0.996139
1573	1
1574	1
1575	1
1576	1
1577	1
1578	1
1579	1
1580	1
1581	1
1582	1
1583	0.996269
1584	0.995238
1585	1
1586	0.992032
1587	0.996094
1588	1
1589	1
1590	1
1591	0.996139
1592	1
1593	0.996109
1594	1
1595	0.996296
1596	1
1597	1
1598	0.996269
1599	0.99631
1600	1
1601	1
1602	1
1603	1
1604	0.99262
1605	1
1606	0.99631
1607	0.993311
1608	1
1609	1
1610	1
1611	0.996016
1612	1
1613	1
1614	0.992248
1615	1
1616	1
1617	1
1618	0.996324
1619	0.996324
1620	1
1621	1
1622	1
1623	1
1624	1
1625	1
1626	1
1627	1
1628	0.996296
1629	1
1630	1
1631	1
1632	1
1633	1
1634	1
1635	1
1636	1
1637	1
1638	1
1639	0.996109
1640	1
1641	0.993865
1642	0.99278
1643	1
1644	1
1645	1
1646	1
1647	1
1648	1
1649	0.99639
1650	0.996429
1651	1
1652	1
1653	1
1654	0.996633
1655	0.996516
1656	0.992933
1657	0.993631
1658	1
1659	1
1660	0.996269
1661	1
1662	1
1663	1
1664	0.996732
1665	1
1666	1
1667	0.993399
1668	1
1669	1
1670	0.99661
1671	1
1672	0.996416
1673	1
1674	1
1675	1
1676	1
1677	1
1678	1
1679	1
1680	1
1681	0.99635
1682	1
1683	1
1684	0.996403
1685	1
1686	1
1687	0.993631
1688	1
1689	0.993056
1690	1
1691	1
1692	1
1693	0.993127
1694	0.996678
1695	1
1696	1
1697	0.993266
1698	1
1699	1
1700	1
1701	1
1702	0.996988
1703	1
1704	0.996454
1705	0.996721
1706	1
1707	0.996795
1708	1
1709	1
1710	0.993671
1711	0.996283
1712	0.99654
1713	1
1714	0.996491
1715	1
1716	1
1717	1
1718	0.993569
1719	0.993884
1720	1
1721	0.996732
1722	0.996711
1723	0.996644
1724	1
1725	0.996721
1726	1
1727	0.993311
1728	1
1729	0.996552
1730	1
1731	0.997101
1732	1
1733	0.993103
1734	0.996711
1735	0.990909
1736	1
1737	1
1738	1
1739	0.99422
1740	0.9967
1741	0.994012
1742	1
1743	0.993528
1744	1
1745	0.996575
1746	1
1747	1
1748	0.993443
1749	1
1750	0.996805
1751	0.998308
